20um: {'option_name': 'pos_y', 'convergence_target': 0.2, 'convergence_current': 0.41414, 'min_number_passes': 2, 'is_convergence': False, 'capacitance': (                   ground_main_plane  trace_CAP31  trace_CAP32
ground_main_plane         1483.17101   -646.69440   -656.73858
trace_CAP31               -646.69440    778.72974   -130.32014
trace_CAP32               -656.73858   -130.32014    789.80553, 'fF'), 'convergence_data':       # Triangle  Delta %
Pass                     
1            100      NaN
2            378  5.05010
3           1214  3.70450
4           1652  3.50830
5           2248  2.95060
6           3058  2.37200
7           4166  3.23510
8           5666  3.47950
9           7460  3.17080
10         10146  1.79060
11         13802  0.95150
12         18162  1.32950
13         24702  1.18440
14         33598  0.40333
15         45694  0.41414}
30um: {'option_name': 'pos_y', 'convergence_target': 0.2, 'convergence_current': 0.4002, 'min_number_passes': 2, 'is_convergence': False, 'capacitance': (                   ground_main_plane  trace_CAP31  trace_CAP32
ground_main_plane         1682.32025   -744.59436   -756.78107
trace_CAP31               -744.59436    802.35018    -56.57846
trace_CAP32               -756.78107    -56.57846    815.90893, 'fF'), 'convergence_data':       # Triangle  Delta %
Pass                     
1            110      NaN
2            374  2.72470
3           1136  2.44900
4           1546  1.83410
5           2124  2.04800
6           2894  2.04660
7           3936  1.62910
8           5354  2.11890
9           6864  3.03730
10          9072  2.46320
11         12362  0.92421
12         16814  1.08310
13         22868  1.25650
14         31102  0.87228
15         42300  0.40020}
40um: {'option_name': 'pos_y', 'convergence_target': 0.2, 'convergence_current': 0.39062, 'min_number_passes': 2, 'is_convergence': False, 'capacitance': (                   ground_main_plane  trace_CAP31  trace_CAP32
ground_main_plane         1725.62834   -765.62021   -778.90035
trace_CAP31               -765.62021    801.90724    -35.18779
trace_CAP32               -778.90035    -35.18779    816.61233, 'fF'), 'convergence_data':       # Triangle  Delta %
Pass                     
1            100      NaN
2            354  2.00300
3           1080  2.76070
4           1484  2.31370
5           2020  1.36430
6           2760  1.85510
7           3756  1.65120
8           5112  3.00120
9           6742  2.92380
10          8758  2.41570
11         11914  1.14920
12         16204  1.07730
13         22038  1.40440
14         29972  1.00530
15         40766  0.39062}
50um: {'option_name': 'pos_y', 'convergence_target': 0.2, 'convergence_current': 0.41852, 'min_number_passes': 2, 'is_convergence': False, 'capacitance': (                   ground_main_plane  trace_CAP31  trace_CAP32
ground_main_plane         1748.15648   -775.93115   -792.02041
trace_CAP31               -775.93115    802.09246    -24.59349
trace_CAP32               -792.02041    -24.59349    819.18327, 'fF'), 'convergence_data':       # Triangle  Delta %
Pass                     
1            100      NaN
2            368  2.12550
3           1196  3.19420
4           1628  1.98420
5           2216  1.58340
6           3014  1.78430
7           4108  1.72560
8           5590  2.30470
9           7192  3.06020
10          9714  2.15260
11         13212  1.15970
12         17970  1.16940
13         24440  1.40770
14         33240  0.83047
15         45208  0.41852}
60um: {'option_name': 'pos_y', 'convergence_target': 0.2, 'convergence_current': 0.49856, 'min_number_passes': 2, 'is_convergence': False, 'capacitance': (                   ground_main_plane  trace_CAP31  trace_CAP32
ground_main_plane         1758.00113   -780.56295   -797.20958
trace_CAP31               -780.56295    800.78427    -18.36088
trace_CAP32               -797.20958    -18.36088    818.11206, 'fF'), 'convergence_data':       # Triangle  Delta %
Pass                     
1            100      NaN
2            374  2.03610
3           1182  2.91260
4           1608  2.21240
5           2192  1.54080
6           2984  1.66630
7           4060  1.72520
8           5524  2.51230
9           7148  3.16050
10          9398  2.17540
11         12782  1.29420
12         17384  1.17580
13         23644  1.37350
14         32160  0.82195
15         43738  0.49856}
70um: {'option_name': 'pos_y', 'convergence_target': 0.2, 'convergence_current': 0.48104, 'min_number_passes': 2, 'is_convergence': False, 'capacitance': (                   ground_main_plane  trace_CAP31  trace_CAP32
ground_main_plane         1762.87619   -782.42899   -799.88220
trace_CAP31               -782.42899    798.53911    -14.42151
trace_CAP32               -799.88220    -14.42151    816.78092, 'fF'), 'convergence_data':       # Triangle  Delta %
Pass                     
1            100      NaN
2            374  2.04680
3           1184  2.86020
4           1612  2.22230
5           2200  1.71320
6           2996  1.71440
7           4078  1.68000
8           5550  2.42760
9           7114  3.14770
10          9272  2.30460
11         12610  1.33120
12         17152  1.09810
13         23066  1.37130
14         31370  0.95699
15         42668  0.48104}
80um: {'option_name': 'pos_y', 'convergence_target': 0.2, 'convergence_current': 0.35706, 'min_number_passes': 2, 'is_convergence': False, 'capacitance': (                   ground_main_plane  trace_CAP31  trace_CAP32
ground_main_plane         1765.75615   -782.76458   -802.35037
trace_CAP31               -782.76458    796.12256    -11.66928
trace_CAP32               -802.35037    -11.66928    816.46548, 'fF'), 'convergence_data':       # Triangle  Delta %
Pass                     
1            100      NaN
2            372  2.18930
3           1170  3.06310
4           1592  2.00540
5           2166  1.26120
6           2946  1.79150
7           4012  1.67230
8           5458  2.93060
9           7028  3.09270
10          9222  2.51930
11         12548  1.37220
12         17066  0.84858
13         22844  1.47420
14         31068  1.11480
15         42258  0.35706}
90um: {'option_name': 'pos_y', 'convergence_target': 0.2, 'convergence_current': 0.33988, 'min_number_passes': 2, 'is_convergence': False, 'capacitance': (                   ground_main_plane  trace_CAP31  trace_CAP32
ground_main_plane         1767.95635   -783.02616   -804.37932
trace_CAP31               -783.02616    794.35590     -9.60497
trace_CAP32               -804.37932     -9.60497    816.46738, 'fF'), 'convergence_data':       # Triangle  Delta %
Pass                     
1            100      NaN
2            372  2.27220
3           1162  3.11080
4           1582  1.96200
5           2156  1.27630
6           2934  1.78120
7           3992  1.88690
8           5390  2.98090
9           6952  3.04450
10          9214  2.69870
11         12534  1.25710
12         17050  0.84622
13         22844  1.57970
14         31074  1.08110
15         42262  0.33988}
125um: {'option_name': 'pos_y', 'convergence_target': 0.2, 'convergence_current': 0.52084, 'min_number_passes': 2, 'is_convergence': False, 'capacitance': (                   ground_main_plane  trace_CAP31  trace_CAP32
ground_main_plane         1772.18568   -782.28955   -808.66897
trace_CAP31               -782.28955    788.96831     -5.50380
trace_CAP32               -808.66897     -5.50380    816.60718, 'fF'), 'convergence_data':       # Triangle  Delta %
Pass                     
1            100      NaN
2            366  1.98890
3           1126  3.22360
4           1540  1.45210
5           2096  1.17000
6           2852  2.82090
7           3880  1.99260
8           5278  2.62690
9           6760  3.62410
10          9088  2.89440
11         12364  1.37480
12         16818  1.06190
13         22324  1.53610
14         30362  1.10540
15         41294  0.52084}
150um: {'option_name': 'pos_y', 'convergence_target': 0.2, 'convergence_current': 0.43546, 'min_number_passes': 2, 'is_convergence': False, 'capacitance': (                   ground_main_plane  trace_CAP31  trace_CAP32
ground_main_plane         1769.67825   -778.70266   -810.37752
trace_CAP31               -778.70266    784.50928     -4.07031
trace_CAP32               -810.37752     -4.07031    816.95498, 'fF'), 'convergence_data':       # Triangle  Delta %
Pass                     
1            100      NaN
2            352  2.36920
3           1112  3.55050
4           1516  1.28540
5           2064  1.13840
6           2808  2.93580
7           3822  2.55770
8           5198  3.26540
9           6896  3.41370
10          9216  2.66350
11         12534  1.48690
12         17050  0.99363
13         22904  1.45800
14         31150  1.11710
15         42366  0.43546}
175um: {'option_name': 'pos_y', 'convergence_target': 0.2, 'convergence_current': 0.50501, 'min_number_passes': 2, 'is_convergence': False, 'capacitance': (                   ground_main_plane  trace_CAP31  trace_CAP32
ground_main_plane         1767.96600   -775.83323   -811.44082
trace_CAP31               -775.83323    780.71906     -3.24018
trace_CAP32               -811.44082     -3.24018    817.14347, 'fF'), 'convergence_data':       # Triangle  Delta %
Pass                     
1            100      NaN
2            364  2.00710
3           1118  3.42650
4           1536  1.54120
5           2092  1.24440
6           2846  3.06070
7           3878  2.68410
8           5276  3.28040
9           6950  3.32130
10          9184  2.77330
11         12492  1.43660
12         16990  1.09120
13         22780  1.56020
14         30986  0.99242
15         42144  0.50501}
225um: {'option_name': 'pos_y', 'convergence_target': 0.2, 'convergence_current': 0.52422, 'min_number_passes': 2, 'is_convergence': False, 'capacitance': (                   ground_main_plane  trace_CAP31  trace_CAP32
ground_main_plane         1762.51726   -769.09636   -812.46936
trace_CAP31               -769.09636    772.62987     -2.12517
trace_CAP32               -812.46936     -2.12517    817.07355, 'fF'), 'convergence_data':       # Triangle  Delta %
Pass                     
1            100      NaN
2            372  1.72380
3           1140  3.05450
4           1566  1.83620
5           2132  1.42390
6           2908  2.77970
7           3960  3.67800
8           5386  3.78220
9           7078  3.23970
10          9230  2.65830
11         12574  1.49490
12         17102  1.04410
13         22928  1.51350
14         31186  1.05090
15         42414  0.52422}
250um: {'option_name': 'pos_y', 'convergence_target': 0.2, 'convergence_current': 0.47673, 'min_number_passes': 2, 'is_convergence': False, 'capacitance': (                   ground_main_plane  trace_CAP31  trace_CAP32
ground_main_plane         1758.58888   -765.34929   -812.46002
trace_CAP31               -765.34929    768.66173     -1.80958
trace_CAP32               -812.46002     -1.80958    816.79030, 'fF'), 'convergence_data':       # Triangle  Delta %
Pass                     
1            100      NaN
2            366  1.22920
3           1128  2.70470
4           1538  2.12580
5           2100  1.20300
6           2858  3.16060
7           3888  4.13580
8           5288  3.25480
9           7052  3.03820
10          9302  2.62360
11         12654  1.61390
12         17210  1.10740
13         23112  1.62680
14         31434  1.00010
15         42754  0.47673}
275um: {'option_name': 'pos_y', 'convergence_target': 0.2, 'convergence_current': 0.40777, 'min_number_passes': 2, 'is_convergence': False, 'capacitance': (                   ground_main_plane  trace_CAP31  trace_CAP32
ground_main_plane         1755.83723   -761.43695   -813.08109
trace_CAP31               -761.43695    763.96615     -1.55731
trace_CAP32               -813.08109     -1.55731    817.11498, 'fF'), 'convergence_data':       # Triangle  Delta %
Pass                     
1            100      NaN
2            360  1.81560
3           1118  2.74510
4           1534  2.08200
5           2090  2.54510
6           2844  2.70630
7           3866  3.26120
8           5264  3.44510
9           6808  3.64570
10          9186  2.69130
11         12494  1.49510
12         16992  1.13200
13         22926  1.53660
14         31180  1.06540
15         42410  0.40777}
