10um: {'option_name': 'pos_y', 'convergence_target': 0.2, 'convergence_current': 0.39033, 'min_number_passes': 2, 'is_convergence': False, 'capacitance': (                   ground_main_plane  trace_CAP31  trace_CAP32
ground_main_plane         1460.09266   -634.96158   -645.10256
trace_CAP31               -634.96158    820.40902   -183.51058
trace_CAP32               -645.10256   -183.51058    831.15320, 'fF'), 'convergence_data':       # Triangle  Delta %
Pass                     
1             98      NaN
2            350  5.41960
3           1126  4.11400
4           1532  3.26430
5           2086  3.07620
6           2842  2.57340
7           3866  2.34530
8           5258  2.80030
9           6722  3.70600
10          8998  2.46040
11         12240  1.39090
12         16648  1.18770
13         22104  1.03700
14         30062  0.74255
15         40886  0.39033}
100um: {'option_name': 'pos_y', 'convergence_target': 0.2, 'convergence_current': 0.4661, 'min_number_passes': 2, 'is_convergence': False, 'capacitance': (                   ground_main_plane  trace_CAP31  trace_CAP32
ground_main_plane         1770.07887   -783.40011   -805.78913
trace_CAP31               -783.40011    792.99804     -8.12430
trace_CAP32               -805.78913     -8.12430    816.36720, 'fF'), 'convergence_data':       # Triangle  Delta %
Pass                     
1            100      NaN
2            360   2.7061
3           1114   3.5101
4           1528   1.7068
5           2086   1.1374
6           2840   1.6373
7           3870   2.8560
8           5266   2.4182
9           6820   3.0901
10          9122   2.7735
11         12406   1.3384
12         16874   1.0520
13         22514   1.5579
14         30620   1.0485
15         41644   0.4661}
200um: {'option_name': 'pos_y', 'convergence_target': 0.2, 'convergence_current': 0.57284, 'min_number_passes': 2, 'is_convergence': False, 'capacitance': (                   ground_main_plane  trace_CAP31  trace_CAP32
ground_main_plane         1767.08621   -773.04391   -812.87831
trace_CAP31               -773.04391    776.72235     -2.61480
trace_CAP32               -812.87831     -2.61480    818.00805, 'fF'), 'convergence_data':       # Triangle  Delta %
Pass                     
1            100      NaN
2            374  1.66780
3           1150  3.29170
4           1568  1.47060
5           2136  1.69160
6           2916  2.88410
7           3970  3.13500
8           5404  3.26290
9           7082  3.28180
10          9288  2.50450
11         12632  1.59400
12         17180  1.07480
13         23082  1.57700
14         31394  0.96705
15         42698  0.57284}
300um: {'option_name': 'pos_y', 'convergence_target': 0.2, 'convergence_current': 0.40873, 'min_number_passes': 2, 'is_convergence': False, 'capacitance': (                   ground_main_plane  trace_CAP31  trace_CAP32
ground_main_plane         1750.99674   -757.18862   -812.83082
trace_CAP31               -757.18862    759.78840     -1.38170
trace_CAP32               -812.83082     -1.38170    816.76936, 'fF'), 'convergence_data':       # Triangle  Delta %
Pass                     
1            100      NaN
2            360  1.75460
3           1116  2.74580
4           1522  2.05890
5           2070  2.71990
6           2816  3.07120
7           3830  3.43110
8           5210  3.29090
9           6782  3.46660
10          9002  2.67880
11         12244  1.48450
12         16656  1.13550
13         22528  1.63750
14         30642  1.02380
15         41674  0.40873}
400um: {'option_name': 'pos_y', 'convergence_target': 0.2, 'convergence_current': 0.52865, 'min_number_passes': 2, 'is_convergence': False, 'capacitance': (                   ground_main_plane  trace_CAP31  trace_CAP32
ground_main_plane         1735.20634   -740.95093   -813.46690
trace_CAP31               -740.95093    743.28143     -0.86353
trace_CAP32               -813.46690     -0.86353    816.89165, 'fF'), 'convergence_data':       # Triangle  Delta %
Pass                     
1            100      NaN
2            344  1.81120
3           1052  3.20660
4           1446  1.25630
5           1974  4.05930
6           2688  3.69960
7           3666  2.47330
8           4992  3.38150
9           6584  3.88060
10          8876  2.99890
11         12076  1.58260
12         16424  1.10130
13         21876  1.76560
14         29752  0.81141
15         40464  0.52865}
500um: {'option_name': 'pos_y', 'convergence_target': 0.2, 'convergence_current': 0.61065, 'min_number_passes': 2, 'is_convergence': False, 'capacitance': (                   ground_main_plane  trace_CAP31  trace_CAP32
ground_main_plane         1723.14136   -726.09508   -816.29666
trace_CAP31               -726.09508    728.10361     -0.59287
trace_CAP32               -816.29666     -0.59287    819.39894, 'fF'), 'convergence_data':       # Triangle  Delta %
Pass                     
1            100      NaN
2            360  1.59770
3           1124  3.77730
4           1540  1.95170
5           2100  3.87250
6           2866  3.63750
7           3898  3.24090
8           5302  3.41830
9           6984  3.74070
10          9304  2.85380
11         12654  1.46490
12         17210  1.22250
13         23208  1.46650
14         31564  0.85383
15         42928  0.61065}
600um: {'option_name': 'pos_y', 'convergence_target': 0.2, 'convergence_current': 0.56306, 'min_number_passes': 2, 'is_convergence': False, 'capacitance': (                   ground_main_plane  trace_CAP31  trace_CAP32
ground_main_plane         1706.29243   -710.52662   -814.61531
trace_CAP31               -710.52662    712.17356     -0.44302
trace_CAP32               -814.61531     -0.44302    817.50377, 'fF'), 'convergence_data':       # Triangle  Delta %
Pass                     
1            100      NaN
2            350  0.72797
3           1102  3.15060
4           1500  2.48320
5           2042  3.89700
6           2784  3.63460
7           3788  3.28780
8           5160  4.41100
9           6784  3.28070
10          9044  2.53080
11         12300  1.38700
12         16730  1.37030
13         22272  1.61110
14         30290  0.86192
15         41198  0.56306}
700um: {'option_name': 'pos_y', 'convergence_target': 0.2, 'convergence_current': 0.5975, 'min_number_passes': 2, 'is_convergence': False, 'capacitance': (                   ground_main_plane  trace_CAP31  trace_CAP32
ground_main_plane         1691.96125   -694.88057   -815.57741
trace_CAP31               -694.88057    695.92787     -0.33543
trace_CAP32               -815.57741     -0.33543    818.33493, 'fF'), 'convergence_data':       # Triangle  Delta %
Pass                     
1            100      NaN
2            358  0.88307
3           1108  3.58000
4           1514  3.18580
5           2060  4.44600
6           2818  3.50410
7           3834  3.34090
8           5216  3.75860
9           6828  3.29130
10          9068  2.71750
11         12336  1.35200
12         16778  1.34180
13         22418  1.52760
14         30490  0.83150
15         41468  0.59750}
800um: {'option_name': 'pos_y', 'convergence_target': 0.2, 'convergence_current': 0.67889, 'min_number_passes': 2, 'is_convergence': False, 'capacitance': (                   ground_main_plane  trace_CAP31  trace_CAP32
ground_main_plane         1676.69641   -678.80194   -816.81141
trace_CAP31               -678.80194    679.88282     -0.26020
trace_CAP32               -816.81141     -0.26020    819.67744, 'fF'), 'convergence_data':       # Triangle  Delta %
Pass                     
1            100      NaN
2            348  1.23880
3           1050  2.61500
4           1432  4.24350
5           1950  4.34420
6           2660  2.80140
7           3634  3.31930
8           4944  4.00620
9           6714  4.05040
10          9132  2.76190
11         12422  1.38880
12         16894  1.47530
13         22790  1.43730
14         30996  0.81875
15         42156  0.67889}
900um: {'option_name': 'pos_y', 'convergence_target': 0.2, 'convergence_current': 0.57225, 'min_number_passes': 2, 'is_convergence': False, 'capacitance': (                   ground_main_plane  trace_CAP31  trace_CAP32
ground_main_plane         1660.59438   -662.29609   -817.29840
trace_CAP31               -662.29609    663.49322     -0.21057
trace_CAP32               -817.29840     -0.21057    820.04262, 'fF'), 'convergence_data':       # Triangle  Delta %
Pass                     
1            100      NaN
2            362  1.05530
3           1142  2.72970
4           1560  4.36430
5           2122  4.04280
6           2898  3.60970
7           3942  3.24580
8           5366  3.74680
9           7016  3.43520
10          9358  2.78240
11         12730  1.33130
12         17314  1.39610
13         23418  1.42280
14         31852  0.78046
15         43322  0.57225}
1000um: {'option_name': 'pos_y', 'convergence_target': 0.2, 'convergence_current': 0.56422, 'min_number_passes': 2, 'is_convergence': False, 'capacitance': (                   ground_main_plane  trace_CAP31  trace_CAP32
ground_main_plane         1642.53909   -645.10848   -816.36664
trace_CAP31               -645.10848    646.46546     -0.17111
trace_CAP32               -816.36664     -0.17111    819.05987, 'fF'), 'convergence_data':       # Triangle  Delta %
Pass                     
1            100      NaN
2            350  1.26600
3           1064  3.03470
4           1462  4.52500
5           1990  3.63420
6           2710  3.80750
7           3686  3.12820
8           5016  4.04500
9           6692  3.42300
10          8890  2.99070
11         12092  1.50790
12         16446  1.26550
13         22298  1.57770
14         30326  0.81272
15         41244  0.56422}
