20um: {'option_name': 'pos_y', 'convergence_target': 0.2, 'convergence_current': 0.46361, 'min_number_passes': 2, 'is_convergence': False, 'capacitance': (                   ground_main_plane  trace_CAP31  trace_CAP32
ground_main_plane         1406.19677   -485.17887   -740.94353
trace_CAP31               -485.17887    549.97015    -63.65465
trace_CAP32               -740.94353    -63.65465    807.28896, 'fF'), 'convergence_data':       # Triangle  Delta %
Pass                     
1            100      NaN
2            370  3.22710
3           1196  3.38120
4           1634  2.54830
5           2226  1.42290
6           3038  3.04210
7           4132  3.91350
8           5566  3.87460
9           7368  2.86670
10         10022  1.67130
11         13630  1.04930
12         18502  1.46130
13         25164  0.98556
14         34226  0.43790
15         46548  0.46361}
30um: {'option_name': 'pos_y', 'convergence_target': 0.2, 'convergence_current': 0.55292, 'min_number_passes': 2, 'is_convergence': False, 'capacitance': (                   ground_main_plane  trace_CAP31  trace_CAP32
ground_main_plane         1501.93783   -532.23383   -788.90287
trace_CAP31               -532.23383    561.01643    -27.92663
trace_CAP32               -788.90287    -27.92663    819.44427, 'fF'), 'convergence_data':       # Triangle  Delta %
Pass                     
1            100      NaN
2            360  3.85090
3           1082  3.50350
4           1472  1.69010
5           2002  1.96340
6           2726  1.97800
7           3708  3.39250
8           5052  3.11280
9           6696  2.91410
10          9108  2.12880
11         12388  1.23760
12         16848  1.35380
13         22914  1.22030
14         31164  0.58021
15         42384  0.55292}
40um: {'option_name': 'pos_y', 'convergence_target': 0.2, 'convergence_current': 0.49926, 'min_number_passes': 2, 'is_convergence': False, 'capacitance': (                   ground_main_plane  trace_CAP31  trace_CAP32
ground_main_plane         1521.56188   -540.82477   -799.82494
trace_CAP31               -540.82477    559.11752    -17.42627
trace_CAP32               -799.82494    -17.42627    819.85101, 'fF'), 'convergence_data':       # Triangle  Delta %
Pass                     
1            100      NaN
2            360  3.85320
3           1084  2.62180
4           1480  2.28790
5           2014  1.76720
6           2740  2.60040
7           3728  2.96330
8           5074  2.93630
9           6664  3.02190
10          8904  2.22310
11         12112  1.21620
12         16474  1.19540
13         22250  1.19320
14         30262  0.78949
15         41158  0.49926}
50um: {'option_name': 'pos_y', 'convergence_target': 0.2, 'convergence_current': 0.4379, 'min_number_passes': 2, 'is_convergence': False, 'capacitance': (                   ground_main_plane  trace_CAP31  trace_CAP32
ground_main_plane         1532.06339   -545.82583   -805.80082
trace_CAP31               -545.82583    559.18656    -12.29021
trace_CAP32               -805.80082    -12.29021    820.71407, 'fF'), 'convergence_data':       # Triangle  Delta %
Pass                     
1            100      NaN
2            360  3.74420
3           1174  3.08910
4           1600  1.63650
5           2178  1.93260
6           2966  2.74090
7           4036  2.85610
8           5516  2.81670
9           7138  2.85830
10          9714  1.90800
11         13212  1.08590
12         17838  1.47750
13         24260  1.29460
14         32996  0.50769
15         44876  0.43790}
60um: {'option_name': 'pos_y', 'convergence_target': 0.2, 'convergence_current': 0.50099, 'min_number_passes': 2, 'is_convergence': False, 'capacitance': (                   ground_main_plane  trace_CAP31  trace_CAP32
ground_main_plane         1536.69587   -547.40815   -809.00907
trace_CAP31               -547.40815    557.82408     -9.19633
trace_CAP32               -809.00907     -9.19633    820.83162, 'fF'), 'convergence_data':       # Triangle  Delta %
Pass                     
1            100      NaN
2            360  3.60350
3           1162  2.78550
4           1582  1.93710
5           2154  2.06230
6           2930  2.46890
7           3986  2.89920
8           5424  2.77720
9           7062  2.90810
10          9610  2.01240
11         13072  1.20450
12         17778  1.54500
13         24180  1.13310
14         32888  0.58327
15         44736  0.50099}
70um: {'option_name': 'pos_y', 'convergence_target': 0.2, 'convergence_current': 0.48193, 'min_number_passes': 2, 'is_convergence': False, 'capacitance': (                   ground_main_plane  trace_CAP31  trace_CAP32
ground_main_plane         1538.95467   -547.58465   -811.03001
trace_CAP31               -547.58465    555.98855     -7.24802
trace_CAP32               -811.03001     -7.24802    820.90546, 'fF'), 'convergence_data':       # Triangle  Delta %
Pass                     
1            100      NaN
2            360  3.58960
3           1164  2.84370
4           1590  1.97880
5           2166  2.40570
6           2948  2.08600
7           4010  2.75360
8           5454  3.03060
9           7114  2.98800
10          9676  2.01780
11         13160  1.36690
12         17898  1.37200
13         24344  1.23350
14         33110  0.61311
15         45032  0.48193}
80um: {'option_name': 'pos_y', 'convergence_target': 0.2, 'convergence_current': 0.45415, 'min_number_passes': 2, 'is_convergence': False, 'capacitance': (                   ground_main_plane  trace_CAP31  trace_CAP32
ground_main_plane         1539.23608   -546.85285   -812.06006
trace_CAP31               -546.85285    553.89423     -5.88703
trace_CAP32               -812.06006     -5.88703    820.57129, 'fF'), 'convergence_data':       # Triangle  Delta %
Pass                     
1            100      NaN
2            360  3.58490
3           1146  3.08870
4           1562  1.75970
5           2130  2.16530
6           2914  2.50740
7           3964  2.66750
8           5396  2.97130
9           7082  2.98900
10          9638  2.17190
11         13110  1.26730
12         17830  1.35000
13         24250  1.26130
14         32982  0.63494
15         44856  0.45415}
90um: {'option_name': 'pos_y', 'convergence_target': 0.2, 'convergence_current': 0.47999, 'min_number_passes': 2, 'is_convergence': False, 'capacitance': (                   ground_main_plane  trace_CAP31  trace_CAP32
ground_main_plane         1539.84497   -546.38683   -813.11745
trace_CAP31               -546.38683    552.42973     -4.85184
trace_CAP32               -813.11745     -4.85184    820.58445, 'fF'), 'convergence_data':       # Triangle  Delta %
Pass                     
1            100      NaN
2            360  3.53020
3           1146  3.07780
4           1562  1.77250
5           2130  2.14510
6           2898  2.34490
7           3942  2.86900
8           5364  3.03670
9           7004  3.14020
10          9526  2.09510
11         12956  1.21900
12         17624  1.40940
13         23970  1.25490
14         32600  0.64771
15         44338  0.47999}
125um: {'option_name': 'pos_y', 'convergence_target': 0.2, 'convergence_current': 0.50221, 'min_number_passes': 2, 'is_convergence': False, 'capacitance': (                   ground_main_plane  trace_CAP31  trace_CAP32
ground_main_plane         1539.44166   -543.31297   -815.43392
trace_CAP31               -543.31297    547.02158     -2.82809
trace_CAP32               -815.43392     -2.82809    820.87224, 'fF'), 'convergence_data':       # Triangle  Delta %
Pass                     
1            100      NaN
2            366  2.30690
3           1156  2.52150
4           1580  1.59550
5           2154  2.30090
6           2934  2.67980
7           3992  3.07510
8           5432  3.20920
9           7104  3.03730
10          9662  2.03910
11         13142  1.40230
12         17874  1.43830
13         24310  1.25020
14         33062  0.63245
15         44986  0.50221}
150um: {'option_name': 'pos_y', 'convergence_target': 0.2, 'convergence_current': 0.47259, 'min_number_passes': 2, 'is_convergence': False, 'capacitance': (                   ground_main_plane  trace_CAP31  trace_CAP32
ground_main_plane         1534.67790   -538.51942   -815.44516
trace_CAP31               -538.51942    541.78000     -2.10449
trace_CAP32               -815.44516     -2.10449    820.12304, 'fF'), 'convergence_data':       # Triangle  Delta %
Pass                     
1            100      NaN
2            366  2.19720
3           1100  1.99670
4           1498  1.51190
5           2040  2.05940
6           2776  3.21300
7           3774  3.46180
8           5134  3.07080
9           6854  3.20310
10          9180  2.17130
11         12496  1.40060
12         16996  1.28180
13         22910  1.19920
14         31162  0.87664
15         42382  0.47259}
175um: {'option_name': 'pos_y', 'convergence_target': 0.2, 'convergence_current': 0.51792, 'min_number_passes': 2, 'is_convergence': False, 'capacitance': (                   ground_main_plane  trace_CAP31  trace_CAP32
ground_main_plane         1530.39139   -534.12080   -815.08207
trace_CAP31               -534.12080    536.87170     -1.68287
trace_CAP32               -815.08207     -1.68287    819.21601, 'fF'), 'convergence_data':       # Triangle  Delta %
Pass                     
1            100      NaN
2            340  2.17540
3           1058  2.62270
4           1444  1.99500
5           1964  1.20870
6           2674  2.58480
7           3638  3.74670
8           4954  3.55580
9           6630  3.33190
10          8696  2.45330
11         11830  1.28060
12         16090  1.16780
13         21416  1.24970
14         29124  0.98383
15         39610  0.51792}
225um: {'option_name': 'pos_y', 'convergence_target': 0.2, 'convergence_current': 0.51833, 'min_number_passes': 2, 'is_convergence': False, 'capacitance': (                   ground_main_plane  trace_CAP31  trace_CAP32
ground_main_plane         1526.52712   -528.64737   -816.96457
trace_CAP31               -528.64737    530.69603     -1.12328
trace_CAP32               -816.96457     -1.12328    820.67071, 'fF'), 'convergence_data':       # Triangle  Delta %
Pass                     
1            100      NaN
2            362  2.07010
3           1106  2.65870
4           1514  1.99360
5           2064  1.83050
6           2812  3.62700
7           3836  3.39230
8           5220  3.52340
9           6944  3.23760
10          9448  1.97990
11         12850  1.34580
12         17478  1.33890
13         23772  1.19860
14         32330  0.76037
15         43970  0.51833}
250um: {'option_name': 'pos_y', 'convergence_target': 0.2, 'convergence_current': 0.50478, 'min_number_passes': 2, 'is_convergence': False, 'capacitance': (                   ground_main_plane  trace_CAP31  trace_CAP32
ground_main_plane         1519.98835   -522.66189   -816.15807
trace_CAP31               -522.66189    524.59070     -0.95756
trace_CAP32               -816.15807     -0.95756    819.63583, 'fF'), 'convergence_data':       # Triangle  Delta %
Pass                     
1            100      NaN
2            344  2.49960
3           1048  2.85140
4           1432  2.22870
5           1954  2.31890
6           2658  2.09690
7           3616  3.35980
8           4924  4.26910
9           6558  3.50170
10          8684  2.17830
11         11812  1.38730
12         16066  1.15640
13         21636  1.19300
14         29426  0.99661
15         40024  0.50478}
275um: {'option_name': 'pos_y', 'convergence_target': 0.2, 'convergence_current': 0.53577, 'min_number_passes': 2, 'is_convergence': False, 'capacitance': (                   ground_main_plane  trace_CAP31  trace_CAP32
ground_main_plane         1519.56002   -521.09532   -817.35771
trace_CAP31               -521.09532    522.59438     -0.83225
trace_CAP32               -817.35771     -0.83225    820.77930, 'fF'), 'convergence_data':       # Triangle  Delta %
Pass                     
1            100      NaN
2            364  2.08970
3           1124  2.68820
4           1534  2.62120
5           2090  1.70940
6           2844  3.69030
7           3866  4.02910
8           5258  3.59840
9           6978  3.13100
10          9494  1.94680
11         12912  1.19130
12         17562  1.44590
13         23886  1.22810
14         32488  0.69832
15         44186  0.53577}
