10um: {'option_name': 'pos_y', 'convergence_target': 0.2, 'convergence_current': 0.39218, 'min_number_passes': 2, 'is_convergence': False, 'capacitance': (                   ground_main_plane  trace_CAP31  trace_CAP32
ground_main_plane         1413.50364   -530.41214   -702.27808
trace_CAP31               -530.41214    653.00509   -121.32060
trace_CAP32               -702.27808   -121.32060    826.09349, 'fF'), 'convergence_data':       # Triangle  Delta %
Pass                     
1            110      NaN
2            334  2.86640
3           1026  3.11260
4           1398  2.10330
5           1902  1.76560
6           2596  2.97290
7           3544  2.67450
8           4856  2.87880
9           6380  3.56500
10          8362  2.84220
11         11376  1.06940
12         15472  1.21730
13         20748  1.04380
14         28218  0.90108
15         38378  0.39218}
100um: {'option_name': 'pos_y', 'convergence_target': 0.2, 'convergence_current': 0.47421, 'min_number_passes': 2, 'is_convergence': False, 'capacitance': (                   ground_main_plane  trace_CAP31  trace_CAP32
ground_main_plane         1617.19192   -624.82338   -811.55544
trace_CAP31               -624.82338    631.55608     -5.41442
trace_CAP32               -811.55544     -5.41442    819.47654, 'fF'), 'convergence_data':       # Triangle  Delta %
Pass                     
1            100      NaN
2            362  3.11260
3           1128  2.94870
4           1546  1.43170
5           2106  1.15400
6           2866  2.74910
7           3900  2.50550
8           5326  3.77840
9           7134  3.12840
10          9596  2.30870
11         13056  1.18460
12         17758  1.15120
13         23502  1.22150
14         31966  0.96786
15         43474  0.47421}
200um: {'option_name': 'pos_y', 'convergence_target': 0.2, 'convergence_current': 0.53575, 'min_number_passes': 2, 'is_convergence': False, 'capacitance': (                   ground_main_plane  trace_CAP31  trace_CAP32
ground_main_plane         1627.62392   -621.42203   -826.44032
trace_CAP31               -621.42203    624.07759     -1.80034
trace_CAP32               -826.44032     -1.80034    830.89503, 'fF'), 'convergence_data':       # Triangle  Delta %
Pass                     
1            100      NaN
2            304  3.28410
3            978  3.12000
4           2868  5.65600
5           3902  4.14750
6           5308  3.26750
7           7222  3.12720
8           9660  2.50820
9          13142  1.75250
10         17874  1.27690
11         23600  1.27870
12         32098  0.94976
13         43658  0.51816
14         58150  0.57595
15         79086  0.53575}
300um: {'option_name': 'pos_y', 'convergence_target': 0.2, 'convergence_current': 0.56668, 'min_number_passes': 2, 'is_convergence': False, 'capacitance': (                   ground_main_plane  trace_CAP31  trace_CAP32
ground_main_plane         1613.03276   -605.82490   -827.60048
trace_CAP31               -605.82490    607.75018     -0.95575
trace_CAP32               -827.60048     -0.95575    831.22715, 'fF'), 'convergence_data':       # Triangle  Delta %
Pass                     
1            100      NaN
2            304  3.30470
3            952  3.08930
4           2858  6.36320
5           3888  4.73810
6           5290  3.60080
7           7080  3.10030
8           9630  2.68640
9          13100  1.84860
10         17818  1.26860
11         23700  1.39610
12         32234  0.92868
13         43840  0.44987
14         58172  0.59326
15         79114  0.56668}
400um: {'option_name': 'pos_y', 'convergence_target': 0.2, 'convergence_current': 0.57652, 'min_number_passes': 2, 'is_convergence': False, 'capacitance': (                   ground_main_plane  trace_CAP31  trace_CAP32
ground_main_plane         1578.64361   -581.20143   -816.60969
trace_CAP31               -581.20143    582.88891     -0.59850
trace_CAP32               -816.60969     -0.59850    819.77865, 'fF'), 'convergence_data':       # Triangle  Delta %
Pass                     
1            100      NaN
2            352  2.03470
3           1104  2.52710
4           1506  3.46020
5           2054  2.31240
6           2800  3.94410
7           3810  2.91250
8           5182  3.60050
9           6908  3.45070
10          9162  2.29760
11         12462  1.36160
12         16950  1.29780
13         22592  1.22290
14         30730  0.86495
15         41794  0.57652}
500um: {'option_name': 'pos_y', 'convergence_target': 0.2, 'convergence_current': 0.58604, 'min_number_passes': 2, 'is_convergence': False, 'capacitance': (                   ground_main_plane  trace_CAP31  trace_CAP32
ground_main_plane         1561.95499   -564.09157   -816.71824
trace_CAP31               -564.09157    565.53257     -0.41568
trace_CAP32               -816.71824     -0.41568    819.61488, 'fF'), 'convergence_data':       # Triangle  Delta %
Pass                     
1            100      NaN
2            344  1.32920
3           1062  2.78160
4           1452  2.81410
5           1982  2.79550
6           2712  4.09170
7           3690  2.76540
8           5050  3.40710
9           6578  3.60320
10          8754  2.59390
11         11906  1.39770
12         16194  1.23230
13         21586  1.20100
14         29358  0.94788
15         39932  0.58604}
600um: {'option_name': 'pos_y', 'convergence_target': 0.2, 'convergence_current': 0.53533, 'min_number_passes': 2, 'is_convergence': False, 'capacitance': (                   ground_main_plane  trace_CAP31  trace_CAP32
ground_main_plane         1545.52090   -547.70866   -816.52942
trace_CAP31               -547.70866    548.95699     -0.31136
trace_CAP32               -816.52942     -0.31136    819.32809, 'fF'), 'convergence_data':       # Triangle  Delta %
Pass                     
1            100      NaN
2            358  1.19820
3           1086  3.79160
4           1478  3.38440
5           2014  2.64450
6           2740  3.79870
7           3728  3.32950
8           5072  2.70120
9           6640  3.29150
10          8776  2.63450
11         11936  1.45590
12         16234  1.19520
13         21516  1.34560
14         29262  0.88159
15         39798  0.53533}
700um: {'option_name': 'pos_y', 'convergence_target': 0.2, 'convergence_current': 0.5811, 'min_number_passes': 2, 'is_convergence': False, 'capacitance': (                   ground_main_plane  trace_CAP31  trace_CAP32
ground_main_plane         1532.37099   -533.46374   -817.99931
trace_CAP31               -533.46374    534.26028     -0.23733
trace_CAP32               -817.99931     -0.23733    820.86792, 'fF'), 'convergence_data':       # Triangle  Delta %
Pass                     
1            100      NaN
2            370  1.38420
3           1132  3.39060
4           1540  3.46200
5           2096  4.19990
6           2854  3.42230
7           3882  3.29790
8           5280  3.12560
9           6878  3.35950
10          9356  2.25750
11         12728  1.23120
12         17312  1.54110
13         23546  1.29370
14         32024  0.47621
15         43554  0.58110}
800um: {'option_name': 'pos_y', 'convergence_target': 0.2, 'convergence_current': 0.53847, 'min_number_passes': 2, 'is_convergence': False, 'capacitance': (                   ground_main_plane  trace_CAP31  trace_CAP32
ground_main_plane         1516.12395   -517.57622   -817.86978
trace_CAP31               -517.57622    518.41137     -0.18508
trace_CAP32               -817.86978     -0.18508    820.73857, 'fF'), 'convergence_data':       # Triangle  Delta %
Pass                     
1            100      NaN
2            362  1.51090
3           1096  2.53170
4           1496  3.96670
5           2042  3.80540
6           2780  3.43600
7           3784  3.10150
8           5160  3.69680
9           6894  3.34130
10          9376  2.16730
11         12754  1.26120
12         17350  1.47800
13         23598  1.40580
14         32094  0.54426
15         43648  0.53847}
900um: {'option_name': 'pos_y', 'convergence_target': 0.2, 'convergence_current': 0.42293, 'min_number_passes': 2, 'is_convergence': False, 'capacitance': (                   ground_main_plane  trace_CAP31  trace_CAP32
ground_main_plane         1500.84834   -501.36081   -818.96416
trace_CAP31               -501.36081    502.21553     -0.14999
trace_CAP32               -818.96416     -0.14999    821.71614, 'fF'), 'convergence_data':       # Triangle  Delta %
Pass                     
1            100      NaN
2            396  2.53220
3           1192  2.89270
4           1624  3.99300
5           2214  3.31960
6           3012  3.03100
7           4102  4.26540
8           5580  3.88520
9           7440  2.86360
10         10122  1.75050
11         13766  1.02950
12         18548  1.55990
13         25228  1.28820
14         34314  0.47775
15         46668  0.42293}
1000um: {'option_name': 'pos_y', 'convergence_target': 0.2, 'convergence_current': 0.53071, 'min_number_passes': 2, 'is_convergence': False, 'capacitance': (                   ground_main_plane  trace_CAP31  trace_CAP32
ground_main_plane         1484.81032   -485.66118   -818.71733
trace_CAP31               -485.66118    486.58254     -0.12131
trace_CAP32               -818.71733     -0.12131    821.50360, 'fF'), 'convergence_data':       # Triangle  Delta %
Pass                     
1            100      NaN
2            384  2.99080
3           1182  3.19390
4           1618  4.38390
5           2208  3.77760
6           3014  2.92370
7           4102  3.08820
8           5580  4.23360
9           7360  3.16500
10         10012  1.83560
11         13618  1.07170
12         18318  1.60280
13         24914  1.22560
14         33884  0.38567
15         45968  0.53071}
