20um: {'option_name': 'pos_y', 'convergence_target': 0.2, 'convergence_current': 0.48946, 'min_number_passes': 2, 'is_convergence': False, 'capacitance': (                   ground_main_plane  trace_CAP31  trace_CAP32
ground_main_plane         1392.43404   -457.98806   -753.96951
trace_CAP31               -457.98806    511.62553    -52.70164
trace_CAP32               -753.96951    -52.70164    809.33584, 'fF'), 'convergence_data':       # Triangle  Delta %
Pass                     
1            100      NaN
2            348  4.08230
3           1126  3.41060
4           1536  2.87690
5           2096  1.22570
6           2852  2.67800
7           3880  3.95020
8           5278  3.89690
9           6914  2.96500
10          9406  1.84960
11         12798  1.06540
12         17388  1.50920
13         23648  1.17370
14         32162  0.37159
15         43742  0.48946}
30um: {'option_name': 'pos_y', 'convergence_target': 0.2, 'convergence_current': 0.47006, 'min_number_passes': 2, 'is_convergence': False, 'capacitance': (                   ground_main_plane  trace_CAP31  trace_CAP32
ground_main_plane         1472.45150   -497.39997   -794.51002
trace_CAP31               -497.39997    521.50340    -23.24980
trace_CAP32               -794.51002    -23.24980    820.38545, 'fF'), 'convergence_data':       # Triangle  Delta %
Pass                     
1            100      NaN
2            364  6.64520
3           1178  4.46320
4           1606  2.57620
5           2186  1.97160
6           2974  2.78090
7           4046  2.86070
8           5504  3.23460
9           7310  2.68940
10          9946  1.78250
11         13534  1.05160
12         18022  1.49880
13         24510  1.17490
14         33338  0.36830
15         45340  0.47006}
40um: {'option_name': 'pos_y', 'convergence_target': 0.2, 'convergence_current': 0.5184, 'min_number_passes': 2, 'is_convergence': False, 'capacitance': (                   ground_main_plane  trace_CAP31  trace_CAP32
ground_main_plane         1490.32241   -505.13904   -804.70067
trace_CAP31               -505.13904    520.45163    -14.48853
trace_CAP32               -804.70067    -14.48853    821.82485, 'fF'), 'convergence_data':       # Triangle  Delta %
Pass                     
1            100      NaN
2            376  6.72190
3           1220  4.32100
4           1660  2.86330
5           2258  2.03740
6           3072  3.01790
7           4180  2.75220
8           5686  3.26040
9           7498  2.45340
10         10198  1.52890
11         13868  1.09080
12         18592  1.38640
13         25290  1.16460
14         34400  0.39497
15         46392  0.51840}
50um: {'option_name': 'pos_y', 'convergence_target': 0.2, 'convergence_current': 0.4521, 'min_number_passes': 2, 'is_convergence': False, 'capacitance': (                   ground_main_plane  trace_CAP31  trace_CAP32
ground_main_plane         1496.82077   -507.77362   -808.70900
trace_CAP31               -507.77362    519.00462    -10.22557
trace_CAP32               -808.70900    -10.22557    821.56444, 'fF'), 'convergence_data':       # Triangle  Delta %
Pass                     
1            100      NaN
2            376  6.50000
3           1220  4.21720
4           1662  2.87560
5           2262  2.10760
6           3080  2.79630
7           4194  2.85020
8           5704  3.28200
9           7492  2.47810
10         10190  1.54030
11         13860  1.04590
12         18422  1.42490
13         25054  1.22830
14         34076  0.38445
15         46318  0.45210}
60um: {'option_name': 'pos_y', 'convergence_target': 0.2, 'convergence_current': 0.50523, 'min_number_passes': 2, 'is_convergence': False, 'capacitance': (                   ground_main_plane  trace_CAP31  trace_CAP32
ground_main_plane         1500.29484   -508.84996   -811.19195
trace_CAP31               -508.84996    517.64137     -7.68326
trace_CAP32               -811.19195     -7.68326    821.50094, 'fF'), 'convergence_data':       # Triangle  Delta %
Pass                     
1            100      NaN
2            376  6.25970
3           1214  3.84740
4           1652  2.82150
5           2248  1.84230
6           3060  2.91090
7           4166  3.13560
8           5666  3.34580
9           7456  2.47850
10         10142  1.54830
11         13794  1.14880
12         18456  1.49890
13         25100  1.19720
14         34138  0.43176
15         46428  0.50523}
70um: {'option_name': 'pos_y', 'convergence_target': 0.2, 'convergence_current': 0.48425, 'min_number_passes': 2, 'is_convergence': False, 'capacitance': (                   ground_main_plane  trace_CAP31  trace_CAP32
ground_main_plane         1502.08222   -508.91794   -812.90370
trace_CAP31               -508.91794    516.04919     -6.05757
trace_CAP32               -812.90370     -6.05757    821.58762, 'fF'), 'convergence_data':       # Triangle  Delta %
Pass                     
1            100      NaN
2            376  6.27730
3           1208  3.98010
4           1644  2.89070
5           2236  1.83100
6           3042  2.65950
7           4138  3.21710
8           5628  3.58370
9           7480  2.51790
10         10174  1.55180
11         13838  1.20050
12         18642  1.48570
13         25356  1.15380
14         34486  0.49276
15         46902  0.48425}
80um: {'option_name': 'pos_y', 'convergence_target': 0.2, 'convergence_current': 0.45142, 'min_number_passes': 2, 'is_convergence': False, 'capacitance': (                   ground_main_plane  trace_CAP31  trace_CAP32
ground_main_plane         1501.30971   -507.58628   -813.43514
trace_CAP31               -507.58628    513.56552     -4.90802
trace_CAP32               -813.43514     -4.90802    820.97461, 'fF'), 'convergence_data':       # Triangle  Delta %
Pass                     
1            100      NaN
2            378  6.09270
3           1150  3.75010
4           1568  2.57880
5           2134  1.94350
6           2910  2.66160
7           3958  3.31660
8           5400  3.19040
9           7150  3.03540
10          9726  1.91320
11         13228  1.14910
12         17992  1.43320
13         24472  1.29880
14         33282  0.48923
15         45264  0.45142}
90um: {'option_name': 'pos_y', 'convergence_target': 0.2, 'convergence_current': 0.49145, 'min_number_passes': 2, 'is_convergence': False, 'capacitance': (                   ground_main_plane  trace_CAP31  trace_CAP32
ground_main_plane         1501.43121   -506.61437   -814.33805
trace_CAP31               -506.61437    511.68081     -4.07297
trace_CAP32               -814.33805     -4.07297    821.01635, 'fF'), 'convergence_data':       # Triangle  Delta %
Pass                     
1            100      NaN
2            378  5.88420
3           1144  3.50000
4           1556  2.65960
5           2120  2.01130
6           2896  2.57300
7           3940  3.81690
8           5362  2.99720
9           7094  3.15330
10          9662  1.94060
11         13144  1.11410
12         17876  1.45540
13         24312  1.34330
14         33066  0.45043
15         44970  0.49145}
125um: {'option_name': 'pos_y', 'convergence_target': 0.2, 'convergence_current': 0.57922, 'min_number_passes': 2, 'is_convergence': False, 'capacitance': (                   ground_main_plane  trace_CAP31  trace_CAP32
ground_main_plane         1501.79891   -504.36558   -816.87775
trace_CAP31               -504.36558    507.55036     -2.38557
trace_CAP32               -816.87775     -2.38557    821.87999, 'fF'), 'convergence_data':       # Triangle  Delta %
Pass                     
1            100      NaN
2            392  3.65490
3           1208  3.27330
4           1654  1.79660
5           2256  1.32900
6           3070  3.78710
7           4176  3.83100
8           5680  3.51950
9           7586  2.68190
10         10318  1.55830
11         14034  1.04210
12         18852  1.60250
13         25640  1.13810
14         34872  0.47846
15         47236  0.57922}
150um: {'option_name': 'pos_y', 'convergence_target': 0.2, 'convergence_current': 0.47576, 'min_number_passes': 2, 'is_convergence': False, 'capacitance': (                   ground_main_plane  trace_CAP31  trace_CAP32
ground_main_plane         1496.32482   -499.32838   -816.60365
trace_CAP31               -499.32838    502.13885     -1.77966
trace_CAP32               -816.60365     -1.77966    821.01750, 'fF'), 'convergence_data':       # Triangle  Delta %
Pass                     
1            100      NaN
2            370  3.54440
3           1160  3.19230
4           1590  1.72120
5           2166  2.51600
6           2950  2.90300
7           4014  3.37520
8           5470  3.44100
9           7168  3.08520
10          9752  2.04760
11         13266  1.08050
12         18042  1.50200
13         24538  1.30090
14         33372  0.43924
15         45386  0.47576}
175um: {'option_name': 'pos_y', 'convergence_target': 0.2, 'convergence_current': 0.59923, 'min_number_passes': 2, 'is_convergence': False, 'capacitance': (                   ground_main_plane  trace_CAP31  trace_CAP32
ground_main_plane         1494.84049   -496.43090   -818.04507
trace_CAP31               -496.43090    498.81421     -1.42909
trace_CAP32               -818.04507     -1.42909    822.09643, 'fF'), 'convergence_data':       # Triangle  Delta %
Pass                     
1            100      NaN
2            386  2.84410
3           1186  3.03940
4           1624  1.92260
5           2210  2.31460
6           3012  3.13960
7           4098  3.52670
8           5578  3.73050
9           7506  2.80800
10         10210  1.82620
11         13884  0.94100
12         18756  1.61840
13         25514  1.22400
14         34700  0.39693
15         46926  0.59923}
225um: {'option_name': 'pos_y', 'convergence_target': 0.2, 'convergence_current': 0.48756, 'min_number_passes': 2, 'is_convergence': False, 'capacitance': (                   ground_main_plane  trace_CAP31  trace_CAP32
ground_main_plane         1486.12886   -487.90135   -817.62887
trace_CAP31               -487.90135    489.76280     -0.95465
trace_CAP32               -817.62887     -0.95465    821.22841, 'fF'), 'convergence_data':       # Triangle  Delta %
Pass                     
1            100      NaN
2            376  2.40010
3           1130  2.37840
4           1548  2.48050
5           2112  2.31560
6           2876  3.63630
7           3918  3.36100
8           5332  3.48290
9           7042  3.06040
10          9578  1.95360
11         13030  1.15840
12         17722  1.54320
13         24102  1.26650
14         32782  0.49022
15         44584  0.48756}
250um: {'option_name': 'pos_y', 'convergence_target': 0.2, 'convergence_current': 0.55346, 'min_number_passes': 2, 'is_convergence': False, 'capacitance': (                   ground_main_plane  trace_CAP31  trace_CAP32
ground_main_plane         1483.74413   -484.99217   -818.22611
trace_CAP31               -484.99217    486.71405     -0.81985
trace_CAP32               -818.22611     -0.81985    821.67585, 'fF'), 'convergence_data':       # Triangle  Delta %
Pass                     
1            100      NaN
2            378  2.94090
3           1142  3.12770
4           1570  3.00560
5           2144  1.97030
6           2936  3.44430
7           3994  4.01700
8           5440  3.39980
9           7220  2.94230
10          9822  1.82820
11         13360  1.14480
12         18170  1.59350
13         24712  1.22220
14         33616  0.41203
15         45718  0.55346}
275um: {'option_name': 'pos_y', 'convergence_target': 0.2, 'convergence_current': 0.59725, 'min_number_passes': 2, 'is_convergence': False, 'capacitance': (                   ground_main_plane  trace_CAP31  trace_CAP32
ground_main_plane         1480.35169   -481.26843   -818.33638
trace_CAP31               -481.26843    482.66511     -0.71074
trace_CAP32               -818.33638     -0.71074    821.68898, 'fF'), 'convergence_data':       # Triangle  Delta %
Pass                     
1            100      NaN
2            376  2.75980
3           1152  2.94470
4           1578  2.56210
5           2150  2.48700
6           2928  3.49770
7           3984  3.89060
8           5440  3.49300
9           7174  3.05950
10          9766  1.97050
11         13286  1.17320
12         18048  1.59070
13         24548  1.24090
14         33392  0.39631
15         45416  0.59725}
