10um: {'option_name': 'pos_y', 'convergence_target': 0.2, 'convergence_current': 0.34918, 'min_number_passes': 2, 'is_convergence': False, 'capacitance': (                   ground_main_plane  trace_CAP31  trace_CAP32
ground_main_plane         1334.97151   -348.34306   -805.86388
trace_CAP31               -348.34306    361.15842    -12.19467
trace_CAP32               -805.86388    -12.19467    820.73929, 'fF'), 'convergence_data':       # Triangle  Delta %
Pass                     
1            110      NaN
2            334  9.52380
3           1044  3.61960
4           1422  2.81330
5           1934  3.22830
6           2636  2.52000
7           3590  3.32640
8           4884  3.98770
9           6478  2.86630
10          8818  1.75590
11         11998  0.98718
12         16170  1.53070
13         21992  1.22100
14         29910  0.42313
15         40678  0.34918}
100um: {'option_name': 'pos_y', 'convergence_target': 0.2, 'convergence_current': 0.55081, 'min_number_passes': 2, 'is_convergence': False, 'capacitance': (                   ground_main_plane  trace_CAP31  trace_CAP32
ground_main_plane         1345.47177   -345.38573   -819.28460
trace_CAP31               -345.38573    346.75700     -0.80594
trace_CAP32               -819.28460     -0.80594    822.73494, 'fF'), 'convergence_data':       # Triangle  Delta %
Pass                     
1            100      NaN
2            364  5.14540
3           1134  3.01870
4           1546  2.77940
5           2106  2.55780
6           2868  2.55210
7           3918  3.45350
8           5330  3.59070
9           7160  2.79850
10          9738  1.45650
11         13246  1.08230
12         17414  1.46200
13         23686  1.11300
14         32216  0.35426
15         43042  0.55081}
200um: {'option_name': 'pos_y', 'convergence_target': 0.2, 'convergence_current': 0.70378, 'min_number_passes': 2, 'is_convergence': False, 'capacitance': (                   ground_main_plane  trace_CAP31  trace_CAP32
ground_main_plane         1332.59017   -329.72316   -822.12266
trace_CAP31               -329.72316    330.59050     -0.33563
trace_CAP32               -822.12266     -0.33563    825.11099, 'fF'), 'convergence_data':       # Triangle  Delta %
Pass                     
1            100      NaN
2            370  2.51270
3           1170  2.53590
4           1598  3.43940
5           2174  2.26270
6           2966  2.82300
7           4034  3.70160
8           5488  3.34030
9           7218  2.68380
10          9818  1.40050
11         13354  1.14920
12         17922  1.49490
13         24376  0.98859
14         33152  0.37725
15         44478  0.70378}
300um: {'option_name': 'pos_y', 'convergence_target': 0.2, 'convergence_current': 0.61756, 'min_number_passes': 2, 'is_convergence': False, 'capacitance': (                   ground_main_plane  trace_CAP31  trace_CAP32
ground_main_plane         1316.72789   -313.96072   -821.99280
trace_CAP31               -313.96072    314.68256     -0.20327
trace_CAP32               -821.99280     -0.20327    824.83180, 'fF'), 'convergence_data':       # Triangle  Delta %
Pass                     
1            100      NaN
2            370  1.84700
3           1112  3.12020
4           1514  3.12070
5           2062  2.99210
6           2806  2.73010
7           3818  3.12560
8           5196  3.65770
9           7070  2.89170
10          9616  1.41100
11         13078  1.14330
12         17708  1.49990
13         24086  0.91282
14         32758  0.51621
15         44314  0.61756}
400um: {'option_name': 'pos_y', 'convergence_target': 0.2, 'convergence_current': 0.34834, 'min_number_passes': 2, 'is_convergence': False, 'capacitance': (                   ground_main_plane  trace_CAP31  trace_CAP32
ground_main_plane         1309.94249   -300.52975   -829.59360
trace_CAP31               -300.52975    301.21150     -0.14086
trace_CAP32               -829.59360     -0.14086    832.37055, 'fF'), 'convergence_data':       # Triangle  Delta %
Pass                     
1            100      NaN
2            302  1.34730
3            920  3.85290
4           2540  5.74180
5           3456  4.12220
6           4702  3.50180
7           6374  3.66240
8           8670  2.49300
9          11814  1.38720
10         15796  1.60390
11         21488  1.24110
12         29226  0.45289
13         39748  0.49919
14         53960  0.68004
15         73386  0.34834}
500um: {'option_name': 'pos_y', 'convergence_target': 0.2, 'convergence_current': 0.59408, 'min_number_passes': 2, 'is_convergence': False, 'capacitance': (                   ground_main_plane  trace_CAP31  trace_CAP32
ground_main_plane         1284.92226   -281.54188   -822.51318
trace_CAP31               -281.54188    282.11372     -0.10294
trace_CAP32               -822.51318     -0.10294    825.22374, 'fF'), 'convergence_data':       # Triangle  Delta %
Pass                     
1            100      NaN
2            362  1.58270
3           1136  3.66850
4           1546  3.86830
5           2106  2.88590
6           2870  2.13110
7           3904  2.52750
8           5152  3.70940
9           7010  3.10350
10          9534  1.26460
11         12968  1.13930
12         17372  1.38110
13         23626  0.89608
14         32132  0.59749
15         43682  0.59408}
600um: {'option_name': 'pos_y', 'convergence_target': 0.2, 'convergence_current': 0.21481, 'min_number_passes': 2, 'is_convergence': False, 'capacitance': (                   ground_main_plane  trace_CAP31  trace_CAP32
ground_main_plane         1277.32981   -267.67683   -829.79810
trace_CAP31               -267.67683    268.24365     -0.07935
trace_CAP32               -829.79810     -0.07935    832.53176, 'fF'), 'convergence_data':       # Triangle  Delta %
Pass                     
1            100      NaN
2            320  1.98490
3            996  3.29830
4           2800  6.03650
5           3766  4.29080
6           5122  3.25460
7           6748  3.14750
8           9192  2.32280
9          12502  1.40590
10         16630  1.51080
11         22618  1.06260
12         30764  0.35907
13         41248  0.70316
14         56098  0.60989
15         76300  0.21481}
700um: {'option_name': 'pos_y', 'convergence_target': 0.2, 'convergence_current': 0.28611, 'min_number_passes': 2, 'is_convergence': False, 'capacitance': (                   ground_main_plane  trace_CAP31  trace_CAP32
ground_main_plane         1261.07005   -251.05537   -830.02733
trace_CAP31               -251.05537    251.50215     -0.06192
trace_CAP32               -830.02733     -0.06192    832.71918, 'fF'), 'convergence_data':       # Triangle  Delta %
Pass                     
1            100      NaN
2            308  1.58940
3            928  4.33710
4           2554  3.98270
5           3398  4.26070
6           4622  3.05500
7           6286  3.34600
8           8554  3.00000
9          11634  2.19000
10         15824  1.74060
11         21524  1.11310
12         29274  0.51916
13         39178  0.61338
14         53288  0.66038
15         72472  0.28611}
800um: {'option_name': 'pos_y', 'convergence_target': 0.2, 'convergence_current': 0.57667, 'min_number_passes': 2, 'is_convergence': False, 'capacitance': (                   ground_main_plane  trace_CAP31  trace_CAP32
ground_main_plane         1236.44532   -232.67287   -822.88120
trace_CAP31               -232.67287    233.09105     -0.04893
trace_CAP32               -822.88120     -0.04893    825.51358, 'fF'), 'convergence_data':       # Triangle  Delta %
Pass                     
1            100      NaN
2            390  3.93720
3           1194  3.18790
4           1624  3.52550
5           2210  3.06360
6           3010  3.74190
7           4094  2.51300
8           5382  3.04090
9           7086  2.30500
10          9642  1.34180
11         13114  1.28720
12         17456  1.25100
13         23742  0.85229
14         32290  0.52161
15         43418  0.57667}
900um: {'option_name': 'pos_y', 'convergence_target': 0.2, 'convergence_current': 0.51567, 'min_number_passes': 2, 'is_convergence': False, 'capacitance': (                   ground_main_plane  trace_CAP31  trace_CAP32
ground_main_plane         1215.77228   -215.52344   -819.29418
trace_CAP31               -215.52344    215.91493     -0.03936
trace_CAP32               -819.29418     -0.03936    821.93484, 'fF'), 'convergence_data':       # Triangle  Delta %
Pass                     
1            100      NaN
2            332  3.26580
3           1018  3.00070
4           1386  2.42790
5           1890  3.09930
6           2574  1.71110
7           3506  3.63570
8           4770  4.39860
9           6312  2.94930
10          8586  1.26620
11         11678  0.82485
12         15460  1.64130
13         21028  1.05180
14         28604  0.36898
15         38454  0.51567}
1000um: {'option_name': 'pos_y', 'convergence_target': 0.2, 'convergence_current': 0.57659, 'min_number_passes': 2, 'is_convergence': False, 'capacitance': (                   ground_main_plane  trace_CAP31  trace_CAP32
ground_main_plane         1204.04973   -199.41077   -823.98062
trace_CAP31               -199.41077    199.80478     -0.03148
trace_CAP32               -823.98062     -0.03148    826.65399, 'fF'), 'convergence_data':       # Triangle  Delta %
Pass                     
1            100      NaN
2            368  4.60690
3           1132  3.47120
4           1540  3.55560
5           2098  1.87730
6           2856  1.62410
7           3888  4.67590
8           5286  4.06710
9           7108  2.51600
10          9678  1.17770
11         13162  1.27870
12         17858  1.27720
13         24288  0.77505
14         33032  0.49927
15         44484  0.57659}
