20um: {'option_name': 'pos_y', 'convergence_target': 0.2, 'convergence_current': 0.64808, 'min_number_passes': 2, 'is_convergence': False, 'capacitance': (                   ground_main_plane  trace_CAP11  trace_CAP12
ground_main_plane         1317.91688   -657.40377   -496.63434
trace_CAP11               -657.40377    785.51747   -126.36801
trace_CAP12               -496.63434   -126.36801    624.28675, 'fF'), 'convergence_data':       # Triangle  Delta %
Pass                     
1            156      NaN
2            494  5.05530
3           1512  6.27570
4           2058  3.77490
5           2810  4.05980
6           3822  3.25120
7           5198  2.01980
8           6684  2.38410
9           9094  2.06130
10         12372  1.24550
11         16826  1.08270
12         22886  1.04600
13         31126  0.70843
14         42332  0.32512
15         56184  0.64808}
30um: {'option_name': 'pos_y', 'convergence_target': 0.2, 'convergence_current': 0.64776, 'min_number_passes': 2, 'is_convergence': False, 'capacitance': (                   ground_main_plane  trace_CAP11  trace_CAP12
ground_main_plane         1517.43182   -756.12916   -596.69020
trace_CAP11               -756.12916    812.48182    -55.07894
trace_CAP12               -596.69020    -55.07894    652.87840, 'fF'), 'convergence_data':       # Triangle  Delta %
Pass                     
1            156      NaN
2            570  2.39340
3           1712  6.06050
4           2338  2.38560
5           3186  2.97000
6           4338  2.22320
7           5900  1.88670
8           7400  1.94660
9          10066  1.83940
10         13694  1.06350
11         18506  1.23070
12         25172  0.97371
13         34242  0.53023
14         46570  0.50176
15         63096  0.64776}
40um: {'option_name': 'pos_y', 'convergence_target': 0.2, 'convergence_current': 0.61715, 'min_number_passes': 2, 'is_convergence': False, 'capacitance': (                   ground_main_plane  trace_CAP11  trace_CAP12
ground_main_plane         1556.73201   -774.73643   -617.46796
trace_CAP11               -774.73643    810.36238    -34.26504
trace_CAP12               -617.46796    -34.26504    652.88905, 'fF'), 'convergence_data':       # Triangle  Delta %
Pass                     
1            156      NaN
2            520  1.57010
3           1562  6.15830
4           2126  1.78970
5           2892  2.32110
6           3940  2.39770
7           5364  2.52050
8           6842  1.82610
9           9010  1.79780
10         12258  1.22560
11         16672  0.93356
12         22516  1.28200
13         30622  0.87031
14         41656  0.45770
15         55220  0.61715}
50um: {'option_name': 'pos_y', 'convergence_target': 0.2, 'convergence_current': 0.58634, 'min_number_passes': 2, 'is_convergence': False, 'capacitance': (                   ground_main_plane  trace_CAP11  trace_CAP12
ground_main_plane         1570.82297   -780.62436   -626.58822
trace_CAP11               -780.62436    806.98437    -23.99616
trace_CAP12               -626.58822    -23.99616    651.72959, 'fF'), 'convergence_data':       # Triangle  Delta %
Pass                     
1            156      NaN
2            498  1.70630
3           1520  4.69210
4           2068  1.87470
5           2816  1.95030
6           3832  2.28400
7           5212  2.35970
8           6718  1.93600
9           8674  2.03090
10         11808  1.06510
11         16060  0.92684
12         20852  1.34380
13         28360  0.97477
14         38572  0.39948
15         51160  0.58634}
60um: {'option_name': 'pos_y', 'convergence_target': 0.2, 'convergence_current': 0.63444, 'min_number_passes': 2, 'is_convergence': False, 'capacitance': (                   ground_main_plane  trace_CAP11  trace_CAP12
ground_main_plane         1589.71093   -789.85069   -636.90699
trace_CAP11               -789.85069    810.31822    -17.48828
trace_CAP12               -636.90699    -17.48828    655.52113, 'fF'), 'convergence_data':       # Triangle  Delta %
Pass                     
1            156      NaN
2            586  1.70440
3           1754  5.42330
4           2388  1.17810
5           3248  2.50130
6           4424  3.10660
7           6018  2.40530
8           7490  2.07660
9          10188  1.51350
10         13856  1.07240
11         18500  1.58970
12         25164  0.85515
13         34224  0.67569
14         46546  0.63829
15         63304  0.63444}
70um: {'option_name': 'pos_y', 'convergence_target': 0.2, 'convergence_current': 0.73293, 'min_number_passes': 2, 'is_convergence': False, 'capacitance': (                   ground_main_plane  trace_CAP11  trace_CAP12
ground_main_plane         1591.08590   -787.87539   -639.90381
trace_CAP11               -787.87539    804.06811    -13.44408
trace_CAP12               -639.90381    -13.44408    654.44657, 'fF'), 'convergence_data':       # Triangle  Delta %
Pass                     
1            156      NaN
2            470  1.11230
3           1450  3.60930
4           1978  1.22790
5           2692  1.19910
6           3664  3.51740
7           4990  2.78880
8           6318  2.21930
9           8252  1.91640
10         11230  1.50300
11         15274  0.99945
12         20380  1.62340
13         27718  0.77631
14         37698  0.56097
15         50636  0.73293}
80um: {'option_name': 'pos_y', 'convergence_target': 0.2, 'convergence_current': 0.81381, 'min_number_passes': 2, 'is_convergence': False, 'capacitance': (                   ground_main_plane  trace_CAP11  trace_CAP12
ground_main_plane         1597.54599   -790.17552   -643.13485
trace_CAP11               -790.17552    802.61240    -10.70722
trace_CAP12               -643.13485    -10.70722    655.00745, 'fF'), 'convergence_data':       # Triangle  Delta %
Pass                     
1            156      NaN
2            490  1.12450
3           1488  3.65720
4           2028  1.17890
5           2760  1.91650
6           3754  3.28160
7           5106  3.01530
8           6442  2.21940
9           8378  1.98850
10         11396  1.48130
11         15500  1.02600
12         20886  1.75820
13         28406  0.82991
14         38634  0.46618
15         52190  0.81381}
90um: {'option_name': 'pos_y', 'convergence_target': 0.2, 'convergence_current': 0.85772, 'min_number_passes': 2, 'is_convergence': False, 'capacitance': (                   ground_main_plane  trace_CAP11  trace_CAP12
ground_main_plane         1599.93835   -790.38940   -644.40218
trace_CAP11               -790.38940    800.36293     -8.95262
trace_CAP12               -644.40218     -8.95262    654.41819, 'fF'), 'convergence_data':       # Triangle  Delta %
Pass                     
1            156      NaN
2            470  1.10700
3           1432  3.78540
4           1950  1.33020
5           2658  1.54640
6           3626  3.54740
7           4934  3.01250
8           6274  2.34460
9           8068  2.16650
10         10976  1.41960
11         14928  1.09310
12         19806  1.68430
13         26938  0.87098
14         36636  0.55359
15         49512  0.85772}
