125um: {'option_name': 'pos_y', 'convergence_target': 0.2, 'convergence_current': 0.74902, 'min_number_passes': 2, 'is_convergence': False, 'capacitance': (                   ground_main_plane  trace_CAP11  trace_CAP12
ground_main_plane         1171.45239   -589.22912   -445.96190
trace_CAP11               -589.22912    593.92951     -2.98927
trace_CAP12               -445.96190     -2.98927    449.61815, 'fF'), 'convergence_data':       # Triangle  Delta %
Pass                     
1            156      NaN
2            484  1.44400
3           1454  3.40920
4           1982  3.09850
5           2698  2.82950
6           3670  2.48280
7           4992  2.55140
8           6584  2.09010
9           8958  1.44290
10         12186  1.00510
11         16202  1.22580
12         22038  1.27440
13         29972  0.37121
14         39354  0.51804
15         53522  0.74902}
150um: {'option_name': 'pos_y', 'convergence_target': 0.2, 'convergence_current': 0.54768, 'min_number_passes': 2, 'is_convergence': False, 'capacitance': (                   ground_main_plane  trace_CAP11  trace_CAP12
ground_main_plane         1170.91386   -587.26993   -447.34589
trace_CAP11               -587.26993    591.07996     -2.19591
trace_CAP12               -447.34589     -2.19591    450.20547, 'fF'), 'convergence_data':       # Triangle  Delta %
Pass                     
1            156      NaN
2            534  1.22630
3           1612  5.15890
4           2198  3.11110
5           2990  2.84240
6           4074  2.73050
7           5542  2.72570
8           7362  2.18290
9          10016  1.09850
10         13622  1.06440
11         18184  1.42550
12         24734  0.72938
13         33640  0.54997
14         44460  0.67267
15         60464  0.54768}
175um: {'option_name': 'pos_y', 'convergence_target': 0.2, 'convergence_current': 0.58313, 'min_number_passes': 2, 'is_convergence': False, 'capacitance': (                   ground_main_plane  trace_CAP11  trace_CAP12
ground_main_plane         1166.41907   -582.91807   -447.89073
trace_CAP11               -582.91807    586.76586     -1.52208
trace_CAP12               -447.89073     -1.52208    450.05328, 'fF'), 'convergence_data':       # Triangle  Delta %
Pass                     
1            156      NaN
2            526  1.23070
3           1588  5.41580
4           2160  3.26510
5           2938  2.70240
6           3996  2.82060
7           5436  2.68230
8           7138  2.12390
9           9708  1.26950
10         13204  1.00860
11         17760  1.38960
12         24156  0.84693
13         32854  0.48246
14         43608  0.64883
15         59308  0.58313}
225um: {'option_name': 'pos_y', 'convergence_target': 0.2, 'convergence_current': 0.7442, 'min_number_passes': 2, 'is_convergence': False, 'capacitance': (                   ground_main_plane  trace_CAP11  trace_CAP12
ground_main_plane         1159.55678   -575.34272   -447.97840
trace_CAP11               -575.34272    578.15686     -1.08063
trace_CAP12               -447.97840     -1.08063    449.70224, 'fF'), 'convergence_data':       # Triangle  Delta %
Pass                     
1            156      NaN
2            510  1.27960
3           1536  5.15660
4           2090  3.79950
5           2856  3.28130
6           3886  2.97640
7           5288  2.41300
8           6776  2.14240
9           9224  1.36410
10         12546  0.99796
11         16618  1.33200
12         22604  1.15300
13         30742  0.39965
14         39954  0.52472
15         54338  0.74420}
250um: {'option_name': 'pos_y', 'convergence_target': 0.2, 'convergence_current': 0.72468, 'min_number_passes': 2, 'is_convergence': False, 'capacitance': (                   ground_main_plane  trace_CAP11  trace_CAP12
ground_main_plane         1156.91458   -571.96539   -448.24452
trace_CAP11               -571.96539    574.13563     -0.89511
trace_CAP12               -448.24452     -0.89511    449.76113, 'fF'), 'convergence_data':       # Triangle  Delta %
Pass                     
1            156      NaN
2            506  1.27370
3           1530  4.77550
4           2082  3.89870
5           2832  3.34830
6           3852  3.19780
7           5240  2.71980
8           6766  2.24690
9           9214  1.41990
10         12532  1.02460
11         16806  1.32980
12         22858  1.10870
13         31088  0.46642
14         40566  0.57541
15         55170  0.72468}
275um: {'option_name': 'pos_y', 'convergence_target': 0.2, 'convergence_current': 0.6504, 'min_number_passes': 2, 'is_convergence': False, 'capacitance': (                   ground_main_plane  trace_CAP11  trace_CAP12
ground_main_plane         1151.37563   -567.19376   -448.62471
trace_CAP11               -567.19376    570.33928     -0.74684
trace_CAP12               -448.62471     -0.74684    450.01495, 'fF'), 'convergence_data':       # Triangle  Delta %
Pass                     
1            156      NaN
2            504  1.36210
3           1526  5.73260
4           2076  4.07730
5           2824  2.58250
6           3846  3.27990
7           5232  2.75740
8           6868  2.24410
9           9344  1.19700
10         12710  0.98840
11         17240  1.43600
12         23450  0.93343
13         31894  0.41156
14         41654  0.61284
15         56654  0.65040}
