1980um: {'option_name': 'lead.start_straight', 'convergence_target': 0.2, 'convergence_current': 0.45249, 'min_number_passes': 2, 'is_convergence': False, 'capacitance': (                   ground_main_plane  trace_CAP41  trace_CAP42
ground_main_plane         1747.01665   -937.53721   -635.55893
trace_CAP41               -937.53721   1056.09113   -116.29840
trace_CAP42               -635.55893   -116.29840    753.99485, 'fF'), 'convergence_data':       # Triangle  Delta %
Pass                     
1            158      NaN
2            496  4.30930
3           1536  4.45620
4           2092  3.69090
5           2850  2.64810
6           3884  2.63510
7           5290  3.90040
8           7118  3.68640
9           9076  2.82970
10         12346  1.45740
11         16792  0.95115
12         22492  1.29360
13         30590  1.24480
14         41610  0.37633
15         56480  0.45249}
1970um: {'option_name': 'lead.start_straight', 'convergence_target': 0.2, 'convergence_current': 0.56763, 'min_number_passes': 2, 'is_convergence': False, 'capacitance': (                   ground_main_plane  trace_CAP41  trace_CAP42
ground_main_plane         1926.80678  -1025.96606   -726.69216
trace_CAP41              -1025.96606   1079.03414    -50.89321
trace_CAP42               -726.69216    -50.89321    779.62087, 'fF'), 'convergence_data':       # Triangle  Delta %
Pass                     
1            170      NaN
2            536  2.55510
3           1610  3.54690
4           2192  0.95018
5           2982  2.38340
6           4058  3.18020
7           5520  3.14420
8           7506  2.78560
9           9716  2.75680
10         13214  1.58890
11         17972  1.03900
12         24442  1.30720
13         33244  1.29890
14         45212  0.36549
15         61490  0.56763}
1960um: {'option_name': 'lead.start_straight', 'convergence_target': 0.2, 'convergence_current': 0.5698, 'min_number_passes': 2, 'is_convergence': False, 'capacitance': (                   ground_main_plane  trace_CAP41  trace_CAP42
ground_main_plane         1964.73858  -1043.22074   -747.33559
trace_CAP41              -1043.22074   1077.15110    -31.78153
trace_CAP42               -747.33559    -31.78153    781.14642, 'fF'), 'convergence_data':       # Triangle  Delta %
Pass                     
1            156      NaN
2            528  2.18690
3           1604  4.22680
4           2182  2.59410
5           2970  2.36550
6           4046  2.53550
7           5504  2.81810
8           7484  2.64650
9           9652  2.64800
10         13128  1.50830
11         17856  1.03950
12         24286  1.29720
13         33030  1.45750
14         44922  0.38741
15         61094  0.56980}
1950um: {'option_name': 'lead.start_straight', 'convergence_target': 0.2, 'convergence_current': 0.48292, 'min_number_passes': 2, 'is_convergence': False, 'capacitance': (                   ground_main_plane  trace_CAP41  trace_CAP42
ground_main_plane         1977.68481  -1047.53434   -755.74459
trace_CAP41              -1047.53434   1071.97251    -22.38709
trace_CAP42               -755.74459    -22.38709    780.14572, 'fF'), 'convergence_data':       # Triangle  Delta %
Pass                     
1            156      NaN
2            504  2.20050
3           1516  4.38680
4           2070  1.72030
5           2816  2.25530
6           3830  2.77040
7           5210  2.46670
8           7090  2.37430
9           9154  2.81340
10         12452  1.81290
11         16936  1.18530
12         23034  1.36080
13         31128  1.44810
14         42336  0.60912
15         57580  0.48292}
1940um: {'option_name': 'lead.start_straight', 'convergence_target': 0.2, 'convergence_current': 0.67736, 'min_number_passes': 2, 'is_convergence': False, 'capacitance': (                   ground_main_plane  trace_CAP41  trace_CAP42
ground_main_plane         1989.89843  -1053.35438   -762.19828
trace_CAP41              -1053.35438   1072.22019    -16.82839
trace_CAP42               -762.19828    -16.82839    781.03653, 'fF'), 'convergence_data':       # Triangle  Delta %
Pass                     
1            156      NaN
2            532  2.26150
3           1632  4.32440
4           2220  1.85570
5           3020  2.15900
6           4110  3.01140
7           5590  2.41480
8           7608  2.72190
9           9744  2.57280
10         13254  1.68930
11         18030  1.25570
12         23970  1.47630
13         32600  1.27380
14         44338  0.40474
15         59614  0.67736}
1930um: {'option_name': 'lead.start_straight', 'convergence_target': 0.2, 'convergence_current': 0.55949, 'min_number_passes': 2, 'is_convergence': False, 'capacitance': (                   ground_main_plane  trace_CAP41  trace_CAP42
ground_main_plane         1991.45498  -1051.15741   -765.82525
trace_CAP41              -1051.15741   1066.24633    -13.19663
trace_CAP42               -765.82525    -13.19663    781.06418, 'fF'), 'convergence_data':       # Triangle  Delta %
Pass                     
1            156      NaN
2            520  2.70780
3           1568  3.71440
4           2136  1.99230
5           2914  2.03240
6           3978  3.03220
7           5412  2.58430
8           7326  3.08300
9           9496  2.89260
10         12916  1.73810
11         17576  1.28160
12         23904  1.37460
13         32504  1.40360
14         44214  0.53932
15         60132  0.55949}
1920um: {'option_name': 'lead.start_straight', 'convergence_target': 0.2, 'convergence_current': 0.54422, 'min_number_passes': 2, 'is_convergence': False, 'capacitance': (                   ground_main_plane  trace_CAP41  trace_CAP42
ground_main_plane         1994.95515  -1052.08738   -768.59186
trace_CAP41              -1052.08738   1064.88359    -10.72653
trace_CAP42               -768.59186    -10.72653    781.35859, 'fF'), 'convergence_data':       # Triangle  Delta %
Pass                     
1            158      NaN
2            528  2.34580
3           1610  4.09910
4           2194  1.62590
5           2988  1.30690
6           4070  3.86530
7           5538  3.29320
8           7532  2.77650
9           9764  2.63640
10         13280  1.65990
11         18070  1.17250
12         24560  1.39770
13         33402  1.35610
14         45428  0.50864
15         61784  0.54422}
1910um: {'option_name': 'lead.start_straight', 'convergence_target': 0.2, 'convergence_current': 0.53852, 'min_number_passes': 2, 'is_convergence': False, 'capacitance': (                   ground_main_plane  trace_CAP41  trace_CAP42
ground_main_plane         1995.06697  -1050.11488   -770.59420
trace_CAP41              -1050.11488   1061.02280     -8.87993
trace_CAP42               -770.59420     -8.87993    781.44247, 'fF'), 'convergence_data':       # Triangle  Delta %
Pass                     
1            160      NaN
2            526  3.17960
3           1602  4.22390
4           2184  1.83460
5           2976  2.59260
6           4058  3.05910
7           5520  2.89250
8           7506  2.79030
9           9792  3.16970
10         13318  1.51660
11         18118  1.20610
12         24642  1.45720
13         33514  1.38220
14         45582  0.46907
15         61992  0.53852}
1875um: {'option_name': 'lead.start_straight', 'convergence_target': 0.2, 'convergence_current': 0.47152, 'min_number_passes': 2, 'is_convergence': False, 'capacitance': (                   ground_main_plane  trace_CAP41  trace_CAP42
ground_main_plane         1989.77037  -1041.42619   -773.87165
trace_CAP41              -1041.42619   1048.54791     -5.23235
trace_CAP42               -773.87165     -5.23235    781.18392, 'fF'), 'convergence_data':       # Triangle  Delta %
Pass                     
1            156      NaN
2            520  2.62260
3           1602  5.19190
4           2180  1.46900
5           2968  2.69350
6           4038  2.54440
7           5496  2.92920
8           7476  3.13020
9           9794  2.73450
10         13320  1.66280
11         18118  1.39610
12         24642  1.40610
13         33198  1.29460
14         45150  0.61826
15         61406  0.47152}
1850um: {'option_name': 'lead.start_straight', 'convergence_target': 0.2, 'convergence_current': 0.56372, 'min_number_passes': 2, 'is_convergence': False, 'capacitance': (                   ground_main_plane  trace_CAP41  trace_CAP42
ground_main_plane         1986.10212  -1036.53216   -775.16749
trace_CAP41              -1036.53216   1042.42692     -3.95355
trace_CAP42               -775.16749     -3.95355    781.20241, 'fF'), 'convergence_data':       # Triangle  Delta %
Pass                     
1            160      NaN
2            538  2.44490
3           1638  5.30600
4           2236  1.89790
5           3042  2.44070
6           4138  2.70080
7           5636  2.56540
8           7666  3.48970
9           9928  2.82340
10         13504  1.85890
11         18366  1.12500
12         24978  1.44860
13         33850  1.38700
14         46038  0.45504
15         62614  0.56372}
1825um: {'option_name': 'lead.start_straight', 'convergence_target': 0.2, 'convergence_current': 0.52879, 'min_number_passes': 2, 'is_convergence': False, 'capacitance': (                   ground_main_plane  trace_CAP41  trace_CAP42
ground_main_plane         1974.45342  -1025.08214   -774.76147
trace_CAP41              -1025.08214   1030.25348     -3.11523
trace_CAP42               -774.76147     -3.11523    779.95878, 'fF'), 'convergence_data':       # Triangle  Delta %
Pass                     
1            160      NaN
2            482  2.12950
3           1478  4.08940
4           2012  1.88640
5           2740  3.00500
6           3728  2.06210
7           5072  3.02820
8           6900  3.66580
9           8894  2.89390
10         11864  2.26250
11         16138  1.23640
12         21948  1.23840
13         29654  1.47240
14         40332  0.79448
15         54858  0.52879}
1775um: {'option_name': 'lead.start_straight', 'convergence_target': 0.2, 'convergence_current': 0.53243, 'min_number_passes': 2, 'is_convergence': False, 'capacitance': (                   ground_main_plane  trace_CAP41  trace_CAP42
ground_main_plane         1962.41846  -1011.61557   -776.12340
trace_CAP41              -1011.61557   1015.56096     -2.07598
trace_CAP42               -776.12340     -2.07598    780.27272, 'fF'), 'convergence_data':       # Triangle  Delta %
Pass                     
1            158      NaN
2            490  1.34600
3           1510  4.74510
4           2054  1.55090
5           2798  2.72290
6           3810  3.37170
7           5182  3.47320
8           7056  2.91980
9           9106  2.90930
10         12386  1.90790
11         16848  1.41140
12         22914  1.27220
13         31164  1.43380
14         42384  0.75423
15         57644  0.53243}
1750um: {'option_name': 'lead.start_straight', 'convergence_target': 0.2, 'convergence_current': 0.60171, 'min_number_passes': 2, 'is_convergence': False, 'capacitance': (                   ground_main_plane  trace_CAP41  trace_CAP42
ground_main_plane         1956.47244  -1005.00975   -776.86749
trace_CAP41              -1005.00975   1008.61676     -1.75685
trace_CAP42               -776.86749     -1.75685    780.70389, 'fF'), 'convergence_data':       # Triangle  Delta %
Pass                     
1            158      NaN
2            516  2.59200
3           1556  4.91990
4           2118  2.23740
5           2882  2.31950
6           3922  3.67230
7           5334  4.00970
8           7256  2.85210
9           9152  2.93150
10         12446  2.15450
11         16930  1.34980
12         23026  1.43890
13         31318  1.29990
14         42594  0.64756
15         57928  0.60171}
1725um: {'option_name': 'lead.start_straight', 'convergence_target': 0.2, 'convergence_current': 0.56771, 'min_number_passes': 2, 'is_convergence': False, 'capacitance': (                   ground_main_plane  trace_CAP41  trace_CAP42
ground_main_plane         1950.94928   -998.54839   -777.72454
trace_CAP41               -998.54839   1001.91113     -1.57725
trace_CAP42               -777.72454     -1.57725    781.37081, 'fF'), 'convergence_data':       # Triangle  Delta %
Pass                     
1            158      NaN
2            532  1.60380
3           1604  5.18320
4           2184  1.19260
5           2988  3.16850
6           4070  3.99060
7           5540  3.54150
8           7536  3.05960
9           9826  3.00300
10         13366  1.75340
11         18180  1.31600
12         24724  1.56940
13         33626  1.32790
14         45732  0.44934
15         62198  0.56771}
