1980um: {'option_name': 'lead.start_straight', 'convergence_target': 0.2, 'convergence_current': 0.46989, 'min_number_passes': 2, 'is_convergence': False, 'capacitance': (                   ground_main_plane  trace_CAP41  trace_CAP42
ground_main_plane         1346.33432   -754.38976   -450.01465
trace_CAP41               -754.38976    794.02077    -38.58044
trace_CAP42               -450.01465    -38.58044    490.46545, 'fF'), 'convergence_data':       # Triangle  Delta %
Pass                     
1            158      NaN
2            508  6.72100
3           1582  5.68510
4           2154  4.17520
5           2940  3.69360
6           4000  3.22400
7           5318  2.62470
8           6774  2.65340
9           9216  1.96500
10         12536  1.21070
11         16848  1.51020
12         22914  0.93605
13         31164  0.57918
14         42384  0.70347
15         57644  0.46989}
1970um: {'option_name': 'lead.start_straight', 'convergence_target': 0.2, 'convergence_current': 0.53175, 'min_number_passes': 2, 'is_convergence': False, 'capacitance': (                   ground_main_plane  trace_CAP41  trace_CAP42
ground_main_plane         1402.92632   -781.69445   -479.18902
trace_CAP41               -781.69445    800.28332    -17.58760
trace_CAP42               -479.18902    -17.58760    498.60752, 'fF'), 'convergence_data':       # Triangle  Delta %
Pass                     
1            160      NaN
2            524  4.92020
3           1588  6.35810
4           2160  3.16620
5           2938  3.11180
6           3996  3.43060
7           5436  2.90310
8           7044  2.29220
9           9582  1.71340
10         13032  1.10900
11         17574  1.50320
12         23906  1.01340
13         32518  0.55053
14         43482  0.68532
15         59136  0.53175}
1960um: {'option_name': 'lead.start_straight', 'convergence_target': 0.2, 'convergence_current': 0.5646, 'min_number_passes': 2, 'is_convergence': False, 'capacitance': (                   ground_main_plane  trace_CAP41  trace_CAP42
ground_main_plane         1412.84432   -784.77984   -486.04716
trace_CAP41               -784.77984    797.00842    -11.19149
trace_CAP42               -486.04716    -11.19149    499.06455, 'fF'), 'convergence_data':       # Triangle  Delta %
Pass                     
1            156      NaN
2            522  5.27240
3           1574  5.64130
4           2142  2.90390
5           2914  2.90300
6           3964  3.08430
7           5392  2.97580
8           6964  2.56140
9           9476  1.77390
10         12888  1.15970
11         17202  1.44840
12         23396  1.12100
13         31820  0.59071
14         43276  0.62840
15         58856  0.56460}
1950um: {'option_name': 'lead.start_straight', 'convergence_target': 0.2, 'convergence_current': 0.5665, 'min_number_passes': 2, 'is_convergence': False, 'capacitance': (                   ground_main_plane  trace_CAP41  trace_CAP42
ground_main_plane         1415.83320   -784.70734   -489.10830
trace_CAP41               -784.70734    793.81587     -8.05454
trace_CAP42               -489.10830     -8.05454    498.98509, 'fF'), 'convergence_data':       # Triangle  Delta %
Pass                     
1            156      NaN
2            522  4.87180
3           1570  5.84720
4           2140  2.72030
5           2914  2.83580
6           3964  3.05320
7           5392  2.94620
8           6916  2.69620
9           9406  1.69730
10         12798  1.14490
11         16868  1.47860
12         22946  1.14240
13         31210  0.58780
14         42452  0.65017
15         57736  0.56650}
1940um: {'option_name': 'lead.start_straight', 'convergence_target': 0.2, 'convergence_current': 0.56606, 'min_number_passes': 2, 'is_convergence': False, 'capacitance': (                   ground_main_plane  trace_CAP41  trace_CAP42
ground_main_plane         1417.72076   -784.57086   -491.08379
trace_CAP41               -784.57086    791.74053     -6.19425
trace_CAP42               -491.08379     -6.19425    499.09772, 'fF'), 'convergence_data':       # Triangle  Delta %
Pass                     
1            156      NaN
2            528  5.11320
3           1602  5.57880
4           2180  2.94210
5           2968  3.01060
6           4038  2.80390
7           5492  2.83020
8           7022  2.42460
9           9554  1.78170
10         13002  1.33170
11         17228  1.48680
12         23434  1.11190
13         31874  0.52507
14         43268  0.69243
15         58846  0.56606}
1930um: {'option_name': 'lead.start_straight', 'convergence_target': 0.2, 'convergence_current': 0.6005, 'min_number_passes': 2, 'is_convergence': False, 'capacitance': (                   ground_main_plane  trace_CAP41  trace_CAP42
ground_main_plane         1416.53462   -782.25143   -492.17662
trace_CAP41               -782.25143    788.07136     -4.89231
trace_CAP42               -492.17662     -4.89231    498.89405, 'fF'), 'convergence_data':       # Triangle  Delta %
Pass                     
1            156      NaN
2            518  3.96320
3           1576  5.67710
4           2144  3.73300
5           2916  3.39120
6           3966  2.38640
7           5394  2.80220
8           6866  2.52660
9           9350  1.86500
10         12718  1.19620
11         16758  1.43860
12         22792  1.23490
13         30998  0.51075
14         41956  0.67196
15         57062  0.60050}
1920um: {'option_name': 'lead.start_straight', 'convergence_target': 0.2, 'convergence_current': 0.64804, 'min_number_passes': 2, 'is_convergence': False, 'capacitance': (                   ground_main_plane  trace_CAP41  trace_CAP42
ground_main_plane         1415.17193   -779.20077   -494.09569
trace_CAP41               -779.20077    784.20677     -3.93319
trace_CAP42               -494.09569     -3.93319    499.87041, 'fF'), 'convergence_data':       # Triangle  Delta %
Pass                     
1            158      NaN
2            530  3.65390
3           1622  6.08350
4           2206  3.63160
5           3002  3.66920
6           4084  1.88520
7           5506  2.65450
8           7056  2.75480
9           9598  1.84180
10         13058  1.27340
11         17516  1.40860
12         23822  1.24810
13         32400  0.55312
14         44066  0.57493
15         59930  0.64804}
1910um: {'option_name': 'lead.start_straight', 'convergence_target': 0.2, 'convergence_current': 0.59529, 'min_number_passes': 2, 'is_convergence': False, 'capacitance': (                   ground_main_plane  trace_CAP41  trace_CAP42
ground_main_plane         1412.69388   -776.28230   -494.61691
trace_CAP41               -776.28230    780.82585     -3.33040
trace_CAP42               -494.61691     -3.33040    499.77740, 'fF'), 'convergence_data':       # Triangle  Delta %
Pass                     
1            160      NaN
2            542  5.02310
3           1646  5.42450
4           2250  3.24690
5           3062  3.07730
6           4166  2.79360
7           5608  2.73590
8           7250  2.45200
9           9866  1.69650
10         13418  1.09080
11         17824  1.53370
12         24242  1.12160
13         32972  0.51981
14         44478  0.61303
15         60492  0.59529}
1875um: {'option_name': 'lead.start_straight', 'convergence_target': 0.2, 'convergence_current': 0.48615, 'min_number_passes': 2, 'is_convergence': False, 'capacitance': (                   ground_main_plane  trace_CAP41  trace_CAP42
ground_main_plane         1401.98399   -764.81465   -494.95721
trace_CAP41               -764.81465    767.82477     -2.16335
trace_CAP42               -494.95721     -2.16335    498.95239, 'fF'), 'convergence_data':       # Triangle  Delta %
Pass                     
1            156      NaN
2            496  4.10310
3           1492  5.91770
4           2030  2.19880
5           2764  3.23550
6           3758  2.70790
7           5112  3.23740
8           6646  2.82380
9           9056  1.79140
10         12318  1.32250
11         16452  1.54940
12         22376  1.02400
13         30446  0.79087
14         41408  0.70065
15         56316  0.48615}
1850um: {'option_name': 'lead.start_straight', 'convergence_target': 0.2, 'convergence_current': 0.48353, 'min_number_passes': 2, 'is_convergence': False, 'capacitance': (                   ground_main_plane  trace_CAP41  trace_CAP42
ground_main_plane         1396.26650   -758.29609   -495.84925
trace_CAP41               -758.29609    760.82622     -1.59043
trace_CAP42               -495.84925     -1.59043    499.25721, 'fF'), 'convergence_data':       # Triangle  Delta %
Pass                     
1            160      NaN
2            512  4.81320
3           1552  6.21650
4           2122  2.65280
5           2888  3.17320
6           3928  2.68010
7           5344  3.16270
8           6916  2.87640
9           9416  1.84110
10         12810  1.20140
11         17210  1.64810
12         23406  1.02820
13         31834  0.56769
14         43296  0.74824
15         58884  0.48353}
1825um: {'option_name': 'lead.start_straight', 'convergence_target': 0.2, 'convergence_current': 0.46095, 'min_number_passes': 2, 'is_convergence': False, 'capacitance': (                   ground_main_plane  trace_CAP41  trace_CAP42
ground_main_plane         1388.26605   -749.85783   -496.09779
trace_CAP41               -749.85783    751.90918     -1.25213
trace_CAP42               -496.09779     -1.25213    499.13892, 'fF'), 'convergence_data':       # Triangle  Delta %
Pass                     
1            160      NaN
2            500  4.29200
3           1514  5.85330
4           2062  2.98060
5           2810  3.45560
6           3822  3.30920
7           5198  3.21970
8           6758  2.85100
9           9192  1.72860
10         12502  1.27200
11         17002  1.67230
12         23126  0.96088
13         31454  0.64127
14         42778  0.81368
15         58178  0.46095}
1775um: {'option_name': 'lead.start_straight', 'convergence_target': 0.2, 'convergence_current': 0.41747, 'min_number_passes': 2, 'is_convergence': False, 'capacitance': (                   ground_main_plane  trace_CAP41  trace_CAP42
ground_main_plane         1371.54772   -732.91382   -496.56118
trace_CAP41               -732.91382    734.72660     -0.86402
trace_CAP42               -496.56118     -0.86402    499.25200, 'fF'), 'convergence_data':       # Triangle  Delta %
Pass                     
1            158      NaN
2            500  3.78440
3           1502  5.96960
4           2054  3.34520
5           2794  4.01030
6           3802  3.65520
7           5172  2.51560
8           6664  2.46770
9           8986  2.06960
10         12222  1.38540
11         16568  1.60480
12         22534  0.89992
13         30652  0.78971
14         41688  0.78662
15         56696  0.41747}
1750um: {'option_name': 'lead.start_straight', 'convergence_target': 0.2, 'convergence_current': 0.42296, 'min_number_passes': 2, 'is_convergence': False, 'capacitance': (                   ground_main_plane  trace_CAP41  trace_CAP42
ground_main_plane         1364.15652   -725.31407   -496.70963
trace_CAP41               -725.31407    726.95697     -0.78325
trace_CAP42               -496.70963     -0.78325    499.32365, 'fF'), 'convergence_data':       # Triangle  Delta %
Pass                     
1            158      NaN
2            506  4.25070
3           1524  6.67500
4           2076  3.28920
5           2824  3.39980
6           3842  3.18640
7           5228  2.81720
8           6688  2.59500
9           9096  1.79820
10         12374  1.30860
11         16618  1.72700
12         22602  0.90076
13         30740  0.73055
14         41808  0.81024
15         56860  0.42296}
1725um: {'option_name': 'lead.start_straight', 'convergence_target': 0.2, 'convergence_current': 0.45626, 'min_number_passes': 2, 'is_convergence': False, 'capacitance': (                   ground_main_plane  trace_CAP41  trace_CAP42
ground_main_plane         1357.12827   -717.89941   -497.04523
trace_CAP41               -717.89941    719.34995     -0.68707
trace_CAP42               -497.04523     -0.68707    499.58203, 'fF'), 'convergence_data':       # Triangle  Delta %
Pass                     
1            158      NaN
2            508  3.91560
3           1536  6.94550
4           2090  3.48090
5           2860  3.94290
6           3890  3.45740
7           5292  2.35970
8           6860  2.57030
9           9330  1.87370
10         12690  1.30660
11         17066  1.64540
12         23210  0.93310
13         31570  0.53427
14         42936  0.79062
15         58394  0.45626}
